Temperature Pressure Density Uncertainty Source
300.	-145.49	920.	0.248	Rakesh
295.	-148.33	920.	0.276	Rakesh
290.	-150.04	920.	0.263	Rakesh
285.	-151.36	920.	0.302	Rakesh
280.	-152.51	920.	0.284	Rakesh
275.	-151.46	920.	0.321	Rakesh
270.	-152.10	920.	0.346	Rakesh
265.	-147.97	920.	0.415	Rakesh
260.	-147.27	920.	0.455	Rakesh
255.	-143.68	920.	0.556	Rakesh
250.	-137.80	920.	0.281	Rakesh
245.	-131.95	920.	0.282	Rakesh
240.	-125.61	920.	0.304	Rakesh
235.	-118.68	920.	0.312	Rakesh
230.	-111.66	920.	0.480	Rakesh
225.	-103.84	920.	0.430	Rakesh
220.	-96.959	920.	0.589	Rakesh
215.	-90.292	920.	0.919	Rakesh
210.	-84.333	920.	1.96	Rakesh
300.	-112.21	940.	0.249	Rakesh
295.	-114.08	940.	0.276	Rakesh
290.	-115.82	940.	0.277	Rakesh
285.	-116.72	940.	0.264	Rakesh
280.	-116.90	940.	0.271	Rakesh
275.	-114.76	940.	0.311	Rakesh
270.	-114.57	940.	0.351	Rakesh
265.	-111.95	940.	0.408	Rakesh
260.	-109.05	940.	0.453	Rakesh
255.	-102.07	940.	0.601	Rakesh
250.	-95.979	940.	0.265	Rakesh
245.	-88.499	940.	0.284	Rakesh
240.	-80.034	940.	0.287	Rakesh
235.	-69.778	940.	0.313	Rakesh
230.	-58.571	940.	0.372	Rakesh
225.	-46.559	940.	0.350	Rakesh
220.	-33.989	940.	0.539	Rakesh
215.	-22.600	940.	0.718	Rakesh
210.	-8.7255	940.	1.16	Rakesh
205.	5.0284	940.	2.72	Rakesh
200.	23.403	940.	3.82	Rakesh
300.	-75.838	960.	0.288	Rakesh
295.	-77.371	960.	0.242	Rakesh
290.	-79.815	960.	0.246	Rakesh
285.	-80.312	960.	0.318	Rakesh
280.	-79.873	960.	0.303	Rakesh
275.	-78.062	960.	0.350	Rakesh
270.	-76.879	960.	0.380	Rakesh
265.	-73.335	960.	0.379	Rakesh
260.	-69.408	960.	0.412	Rakesh
255.	-64.800	960.	0.550	Rakesh
250.	-58.017	960.	0.293	Rakesh
245.	-50.363	960.	0.280	Rakesh
240.	-41.045	960.	0.300	Rakesh
235.	-31.023	960.	0.301	Rakesh
230.	-19.446	960.	0.325	Rakesh
225.	-6.4954	960.	0.297	Rakesh
220.	8.3961	960.	0.383	Rakesh
215.	22.867	960.	0.487	Rakesh
210.	38.044	960.	0.708	Rakesh
205.	57.549	960.	1.17	Rakesh
200.	73.645	960.	0.641	Rakesh
195.	90.422	960.	1.62	Rakesh
190.	109.94	960.	4.25	Rakesh
300.	-36.373	980.	0.246	Rakesh
295.	-38.154	980.	0.302	Rakesh
290.	-40.042	980.	0.275	Rakesh
285.	-40.847	980.	0.260	Rakesh
280.	-43.014	980.	0.358	Rakesh
275.	-41.414	980.	0.319	Rakesh
270.	-39.721	980.	0.344	Rakesh
265.	-36.710	980.	0.399	Rakesh
260.	-31.954	980.	0.440	Rakesh
255.	-30.199	980.	0.440	Rakesh
250.	-22.640	980.	0.279	Rakesh
245.	-15.765	980.	0.291	Rakesh
240.	-7.7233	980.	0.292	Rakesh
235.	1.8330	980.	0.299	Rakesh
230.	11.818	980.	0.320	Rakesh
225.	24.196	980.	0.253	Rakesh
220.	37.053	980.	0.302	Rakesh
215.	50.737	980.	0.405	Rakesh
210.	66.226	980.	0.509	Rakesh
205.	85.584	980.	0.783	Rakesh
200.	102.01	980.	0.794	Rakesh
195.	119.20	980.	1.50	Rakesh
190.	131.34	980.	1.67	Rakesh
185.	150.82	980.	2.13	Rakesh
300.	5.5752	1000.	0.267	Rakesh
295.	3.3519	1000.	0.260	Rakesh
290.	1.1619	1000.	0.289	Rakesh
285.	-1.7307	1000.	0.273	Rakesh
280.	-2.2784	1000.	0.294	Rakesh
275.	-2.7951	1000.	0.304	Rakesh
270.	-1.9195	1000.	0.306	Rakesh
265.	0.36146	1000.	0.333	Rakesh
260.	4.3486	1000.	0.417	Rakesh
255.	6.9387	1000.	0.500	Rakesh
250.	11.556	1000.	0.288	Rakesh
245.	17.332	1000.	0.299	Rakesh
240.	23.780	1000.	0.296	Rakesh
235.	31.237	1000.	0.304	Rakesh
230.	40.250	1000.	0.307	Rakesh
225.	49.757	1000.	0.237	Rakesh
220.	60.964	1000.	0.238	Rakesh
215.	72.565	1000.	0.272	Rakesh
210.	85.967	1000.	0.365	Rakesh
205.	98.009	1000.	0.463	Rakesh
200.	113.32	1000.	0.382	Rakesh
195.	129.18	1000.	0.556	Rakesh
190.	142.70	1000.	0.869	Rakesh
185.	160.67	1000.	2.15	Rakesh
180.	173.36	1000.	3.40	Rakesh
300.	51.344	1020.	0.256	Rakesh
295.	48.074	1020.	0.310	Rakesh
290.	45.284	1020.	0.295	Rakesh
285.	43.605	1020.	0.299	Rakesh
280.	41.273	1020.	0.319	Rakesh
275.	40.321	1020.	0.330	Rakesh
270.	39.694	1020.	0.380	Rakesh
265.	40.589	1020.	0.357	Rakesh
260.	43.408	1020.	0.388	Rakesh
255.	42.295	1020.	0.424	Rakesh
250.	47.108	1020.	0.318	Rakesh
245.	51.019	1020.	0.305	Rakesh
240.	55.812	1020.	0.299	Rakesh
235.	61.568	1020.	0.317	Rakesh
230.	67.890	1020.	0.312	Rakesh
225.	75.830	1020.	0.220	Rakesh
220.	83.944	1020.	0.216	Rakesh
215.	92.381	1020.	0.244	Rakesh
210.	103.07	1020.	0.278	Rakesh
205.	113.17	1020.	0.366	Rakesh
200.	123.82	1020.	0.308	Rakesh
195.	136.81	1020.	0.428	Rakesh
190.	150.45	1020.	0.679	Rakesh
185.	160.00	1020.	1.10	Rakesh
180.	170.74	1020.	1.47	Rakesh
300.	101.46	1040.	0.263	Rakesh
295.	96.909	1040.	0.274	Rakesh
290.	94.346	1040.	0.282	Rakesh
285.	90.304	1040.	0.267	Rakesh
280.	87.706	1040.	0.357	Rakesh
275.	85.626	1040.	0.342	Rakesh
270.	82.899	1040.	0.375	Rakesh
265.	83.160	1040.	0.354	Rakesh
260.	84.801	1040.	0.396	Rakesh
255.	83.443	1040.	0.487	Rakesh
250.	85.319	1040.	0.318	Rakesh
245.	87.630	1040.	0.326	Rakesh
240.	90.345	1040.	0.316	Rakesh
235.	93.631	1040.	0.326	Rakesh
230.	98.299	1040.	0.308	Rakesh
225.	103.03	1040.	0.222	Rakesh
220.	109.07	1040.	0.226	Rakesh
215.	114.92	1040.	0.254	Rakesh
210.	121.68	1040.	0.253	Rakesh
205.	128.97	1040.	0.313	Rakesh
200.	137.20	1040.	0.238	Rakesh
195.	146.09	1040.	0.332	Rakesh
190.	154.60	1040.	0.415	Rakesh
185.	164.30	1040.	0.745	Rakesh
180.	176.35	1040.	1.48	Rakesh
300.	156.02	1060.	0.266	Rakesh
295.	151.04	1060.	0.337	Rakesh
290.	147.01	1060.	0.291	Rakesh
285.	141.57	1060.	0.343	Rakesh
280.	138.91	1060.	0.315	Rakesh
275.	134.54	1060.	0.293	Rakesh
270.	132.68	1060.	0.309	Rakesh
265.	130.47	1060.	0.358	Rakesh
260.	129.03	1060.	0.372	Rakesh
255.	127.80	1060.	0.408	Rakesh
250.	127.43	1060.	0.326	Rakesh
245.	127.76	1060.	0.312	Rakesh
240.	128.27	1060.	0.326	Rakesh
235.	129.90	1060.	0.309	Rakesh
230.	132.29	1060.	0.319	Rakesh
225.	134.77	1060.	0.220	Rakesh
220.	138.12	1060.	0.227	Rakesh
215.	141.41	1060.	0.237	Rakesh
210.	145.75	1060.	0.247	Rakesh
205.	149.84	1060.	0.295	Rakesh
200.	155.18	1060.	0.209	Rakesh
195.	160.19	1060.	0.252	Rakesh
190.	164.97	1060.	0.376	Rakesh
185.	170.24	1060.	0.489	Rakesh
180.	177.73	1060.	1.88	Rakesh
300.	218.05	1080.	0.278	Rakesh
295.	211.74	1080.	0.291	Rakesh
290.	204.71	1080.	0.308	Rakesh
285.	199.70	1080.	0.282	Rakesh
280.	195.27	1080.	0.322	Rakesh
275.	189.47	1080.	0.329	Rakesh
270.	185.58	1080.	0.344	Rakesh
265.	182.46	1080.	0.360	Rakesh
260.	178.15	1080.	0.333	Rakesh
255.	176.78	1080.	0.385	Rakesh
250.	174.62	1080.	0.328	Rakesh
245.	172.94	1080.	0.334	Rakesh
240.	171.87	1080.	0.330	Rakesh
235.	171.42	1080.	0.321	Rakesh
230.	171.16	1080.	0.324	Rakesh
225.	171.88	1080.	0.225	Rakesh
220.	172.62	1080.	0.230	Rakesh
215.	173.62	1080.	0.227	Rakesh
210.	175.02	1080.	0.248	Rakesh
205.	177.65	1080.	0.284	Rakesh
200.	179.44	1080.	0.198	Rakesh
195.	181.26	1080.	0.232	Rakesh
190.	183.98	1080.	0.333	Rakesh
185.	185.57	1080.	0.457	Rakesh
180.	189.44	1080.	1.41	Rakesh
300.	283.80	1100.	0.332	Rakesh
295.	276.77	1100.	0.262	Rakesh
290.	269.78	1100.	0.289	Rakesh
285.	262.92	1100.	0.322	Rakesh
280.	256.87	1100.	0.328	Rakesh
275.	250.01	1100.	0.411	Rakesh
270.	245.82	1100.	0.331	Rakesh
265.	239.13	1100.	0.332	Rakesh
260.	233.91	1100.	0.382	Rakesh
255.	232.00	1100.	0.368	Rakesh
250.	227.67	1100.	0.335	Rakesh
245.	224.72	1100.	0.343	Rakesh
240.	221.58	1100.	0.341	Rakesh
235.	218.69	1100.	0.353	Rakesh
230.	217.11	1100.	0.353	Rakesh
225.	215.14	1100.	0.217	Rakesh
220.	214.06	1100.	0.225	Rakesh
215.	212.89	1100.	0.229	Rakesh
210.	211.82	1100.	0.238	Rakesh
205.	210.90	1100.	0.258	Rakesh
200.	210.07	1100.	0.180	Rakesh
195.	210.93	1100.	0.228	Rakesh
190.	209.49	1100.	0.288	Rakesh
185.	211.30	1100.	0.417	Rakesh
180.	207.31	1100.	1.02	Rakesh
300.	358.66	1120.	0.345	Rakesh
295.	350.21	1120.	0.278	Rakesh
290.	341.61	1120.	0.332	Rakesh
285.	334.01	1120.	0.318	Rakesh
280.	325.38	1120.	0.315	Rakesh
275.	319.04	1120.	0.312	Rakesh
270.	312.68	1120.	0.363	Rakesh
265.	304.27	1120.	0.371	Rakesh
260.	299.45	1120.	0.380	Rakesh
255.	291.90	1120.	0.425	Rakesh
250.	287.44	1120.	0.340	Rakesh
245.	282.31	1120.	0.344	Rakesh
240.	277.55	1120.	0.327	Rakesh
235.	273.31	1120.	0.331	Rakesh
230.	269.57	1120.	0.327	Rakesh
225.	266.26	1120.	0.232	Rakesh
220.	262.54	1120.	0.237	Rakesh
215.	259.17	1120.	0.231	Rakesh
210.	256.26	1120.	0.238	Rakesh
205.	253.94	1120.	0.283	Rakesh
200.	250.64	1120.	0.180	Rakesh
195.	247.48	1120.	0.224	Rakesh
190.	245.63	1120.	0.267	Rakesh
185.	240.00	1120.	0.416	Rakesh
180.	240.84	1120.	0.868	Rakesh
300.	440.11	1140.	0.313	Rakesh
295.	430.31	1140.	0.329	Rakesh
290.	420.35	1140.	0.288	Rakesh
285.	411.98	1140.	0.309	Rakesh
280.	401.90	1140.	0.312	Rakesh
275.	391.84	1140.	0.321	Rakesh
270.	384.71	1140.	0.342	Rakesh
265.	377.02	1140.	0.351	Rakesh
260.	370.20	1140.	0.371	Rakesh
255.	361.55	1140.	0.391	Rakesh
250.	354.57	1140.	0.340	Rakesh
245.	348.05	1140.	0.345	Rakesh
240.	341.41	1140.	0.345	Rakesh
235.	335.34	1140.	0.341	Rakesh
230.	329.41	1140.	0.339	Rakesh
225.	323.94	1140.	0.239	Rakesh
220.	318.58	1140.	0.239	Rakesh
215.	313.96	1140.	0.243	Rakesh
210.	309.18	1140.	0.261	Rakesh
205.	303.96	1140.	0.262	Rakesh
200.	299.45	1140.	0.415	Rakesh
195.	295.28	1140.	0.382	Rakesh
190.	290.83	1140.	0.490	Rakesh
185.	283.23	1140.	0.985	Rakesh
180.	277.07	1140.	3.40	Rakesh
300.	532.35	1160.	0.288	Rakesh
295.	518.85	1160.	0.323	Rakesh
290.	508.15	1160.	0.341	Rakesh
285.	496.54	1160.	0.317	Rakesh
280.	486.51	1160.	0.349	Rakesh
275.	474.63	1160.	0.344	Rakesh
270.	465.90	1160.	0.374	Rakesh
265.	456.19	1160.	0.351	Rakesh
260.	447.27	1160.	0.435	Rakesh
255.	438.01	1160.	0.435	Rakesh
250.	429.46	1160.	0.344	Rakesh
245.	420.99	1160.	0.348	Rakesh
240.	413.04	1160.	0.349	Rakesh
235.	405.21	1160.	0.354	Rakesh
230.	397.55	1160.	0.355	Rakesh
225.	389.97	1160.	0.242	Rakesh
220.	383.24	1160.	0.244	Rakesh
215.	375.77	1160.	0.243	Rakesh
210.	369.36	1160.	0.255	Rakesh
205.	363.23	1160.	0.258	Rakesh
200.	355.79	1160.	0.370	Rakesh
195.	350.06	1160.	0.429	Rakesh
190.	343.30	1160.	0.520	Rakesh
185.	339.48	1160.	0.690	Rakesh
180.	332.85	1160.	1.86	Rakesh
 140.00000  171.86781 1075.00000   20.78450 Evan
 145.00000  186.02341 1075.00000    9.64739 Evan
 150.00000  168.78826 1075.00000   10.88664 Evan
 155.00000  191.41281 1075.00000   10.42133 Evan
 160.00000  193.47432 1075.00000   11.75037 Evan
 165.00000  182.99720 1075.00000   11.73884 Evan
 170.00000  185.44211 1075.00000   14.05076 Evan
 175.00000  184.71755 1075.00000    8.69661 Evan
 180.00000  178.62233 1075.00000    8.19964 Evan
 185.00000  177.52871 1075.00000    6.63456 Evan
 190.00000  175.32747 1075.00000    3.38796 Evan
 195.00000  173.73541 1075.00000    1.34834 Evan
 200.00000  169.47469 1075.00000    1.58674 Evan
 205.00000  166.51579 1075.00000    1.20546 Evan
 210.00000  165.54377 1075.00000    1.02075 Evan
 215.00000  165.64896 1075.00000    0.80386 Evan
 220.00000  161.14929 1075.00000    1.07300 Evan
 225.00000  161.23341 1075.00000    0.92915 Evan
 230.00000  161.36649 1075.00000    0.68303 Evan
 235.00000  157.78991 1075.00000    0.80743 Evan
 240.00000  160.90269 1075.00000    0.59931 Evan
 245.00000  160.11370 1075.00000    0.82451 Evan
 250.00000  161.30803 1075.00000    0.49642 Evan
 255.00000  162.67428 1075.00000    0.51126 Evan
 260.00000  163.93158 1075.00000    0.73151 Evan
 265.00000  167.64871 1075.00000    0.67560 Evan
 270.00000  170.92082 1075.00000    0.74181 Evan
 275.00000  175.40202 1075.00000    0.72573 Evan
 280.00000  177.65554 1075.00000    0.62869 Evan
 145.00000  154.40513 1050.00000    8.78422 Evan
 150.00000  178.28226 1050.00000   13.70692 Evan
 155.00000  165.17449 1050.00000   17.00716 Evan
 160.00000  165.58121 1050.00000    9.06688 Evan
 165.00000  176.91114 1050.00000   15.22909 Evan
 170.00000  173.05325 1050.00000    9.26443 Evan
 175.00000  170.98434 1050.00000    9.55075 Evan
 180.00000  173.40773 1050.00000    8.03751 Evan
 185.00000  165.70026 1050.00000    7.02328 Evan
 190.00000  157.61090 1050.00000    4.77012 Evan
 195.00000  148.63255 1050.00000    2.63410 Evan
 200.00000  142.95915 1050.00000    2.48969 Evan
 205.00000  137.29084 1050.00000    1.99565 Evan
 210.00000  132.01198 1050.00000    1.52433 Evan
 215.00000  125.90640 1050.00000    0.91614 Evan
 220.00000  121.11394 1050.00000    0.88239 Evan
 225.00000  116.99307 1050.00000    0.68891 Evan
 230.00000  111.82191 1050.00000    0.73114 Evan
 235.00000  110.75278 1050.00000    0.79819 Evan
 240.00000  107.28933 1050.00000    0.50978 Evan
 245.00000  105.22187 1050.00000    0.66818 Evan
 250.00000  104.99396 1050.00000    0.73574 Evan
 255.00000  103.54656 1050.00000    0.61834 Evan
 260.00000  104.09076 1050.00000    0.53858 Evan
 265.00000  104.00971 1050.00000    0.56938 Evan
 270.00000  107.11662 1050.00000    0.63348 Evan
 275.00000  108.22147 1050.00000    0.59057 Evan
 280.00000  112.13882 1050.00000    0.76144 Evan
 285.00000  115.02041 1050.00000    0.74136 Evan
 150.00000  140.25951 1025.00000    8.88734 Evan
 155.00000  159.42072 1025.00000    7.86515 Evan
 160.00000  174.70022 1025.00000   10.10095 Evan
 165.00000  176.29349 1025.00000   14.35082 Evan
 170.00000  170.23882 1025.00000   10.13762 Evan
 175.00000  171.21955 1025.00000    6.32410 Evan
 180.00000  167.17123 1025.00000   12.37343 Evan
 185.00000  158.04683 1025.00000    7.75696 Evan
 190.00000  146.90999 1025.00000    6.03742 Evan
 195.00000  136.13531 1025.00000    3.44859 Evan
 200.00000  125.23515 1025.00000    3.80332 Evan
 205.00000  114.26662 1025.00000    1.84630 Evan
 210.00000  104.41552 1025.00000    1.34543 Evan
 215.00000   96.98991 1025.00000    1.12428 Evan
 220.00000   86.99034 1025.00000    1.02158 Evan
 225.00000   78.23733 1025.00000    1.10584 Evan
 230.00000   74.05632 1025.00000    0.75611 Evan
 235.00000   66.97171 1025.00000    0.66945 Evan
 240.00000   63.38906 1025.00000    0.77295 Evan
 245.00000   59.48152 1025.00000    0.47787 Evan
 250.00000   54.76630 1025.00000    0.77813 Evan
 255.00000   53.44994 1025.00000    0.63065 Evan
 260.00000   50.73131 1025.00000    0.61333 Evan
 265.00000   48.48834 1025.00000    0.56763 Evan
 270.00000   50.25443 1025.00000    0.63972 Evan
 275.00000   50.40342 1025.00000    0.46245 Evan
 280.00000   52.45881 1025.00000    0.73616 Evan
 285.00000   53.72945 1025.00000    0.52689 Evan
 290.00000   55.87172 1025.00000    0.42450 Evan
 155.00000  128.61089 1000.00000    6.63040 Evan
 160.00000  143.09166 1000.00000    6.83212 Evan
 165.00000  153.92350 1000.00000   10.60397 Evan
 170.00000  143.90924 1000.00000   12.30539 Evan
 175.00000  154.31664 1000.00000    9.80711 Evan
 180.00000  155.70911 1000.00000    5.14825 Evan
 185.00000  146.98334 1000.00000    8.35707 Evan
 190.00000  140.40517 1000.00000    5.50153 Evan
 195.00000  127.97960 1000.00000    6.72930 Evan
 200.00000  110.17008 1000.00000    3.96209 Evan
 205.00000   96.43567 1000.00000    1.79304 Evan
 210.00000   83.46842 1000.00000    2.47927 Evan
 215.00000   73.46845 1000.00000    1.23517 Evan
 220.00000   57.33996 1000.00000    1.12751 Evan
 225.00000   48.11011 1000.00000    0.97069 Evan
 230.00000   37.06561 1000.00000    0.83935 Evan
 235.00000   31.18906 1000.00000    0.68522 Evan
 240.00000   22.60707 1000.00000    0.73656 Evan
 245.00000   16.50270 1000.00000    0.56687 Evan
 250.00000   10.52087 1000.00000    0.63054 Evan
 255.00000    5.76711 1000.00000    0.58714 Evan
 260.00000    3.93899 1000.00000    0.69884 Evan
 265.00000    0.31471 1000.00000    0.55185 Evan
 270.00000   -1.75041 1000.00000    0.52751 Evan
 275.00000   -2.13847 1000.00000    0.67291 Evan
 280.00000   -2.61454 1000.00000    0.56597 Evan
 285.00000   -2.10752 1000.00000    0.70764 Evan
 290.00000    0.23819 1000.00000    0.52382 Evan
 295.00000    2.67110 1000.00000    0.63268 Evan
 160.00000   97.24897  975.00000    9.92570 Evan
 165.00000   99.75510  975.00000    8.16221 Evan
 170.00000   98.08253  975.00000    4.50425 Evan
 175.00000  102.58223  975.00000   11.17570 Evan
 180.00000  123.27283  975.00000    8.92729 Evan
 185.00000  120.74547  975.00000   10.89875 Evan
 190.00000  122.94978  975.00000    8.58458 Evan
 195.00000  106.35074  975.00000    5.66520 Evan
 200.00000   92.41712  975.00000    6.51503 Evan
 205.00000   74.88968  975.00000    4.07249 Evan
 210.00000   57.12841  975.00000    3.31727 Evan
 215.00000   43.44054  975.00000    2.71940 Evan
 220.00000   29.05324  975.00000    1.92861 Evan
 225.00000   15.82910  975.00000    1.16927 Evan
 230.00000    3.83400  975.00000    1.15076 Evan
 235.00000   -9.06680  975.00000    0.84666 Evan
 240.00000  -16.55842  975.00000    0.72646 Evan
 245.00000  -26.33840  975.00000    0.69091 Evan
 250.00000  -33.11309  975.00000    0.58221 Evan
 255.00000  -37.66973  975.00000    0.72835 Evan
 260.00000  -43.16692  975.00000    0.58153 Evan
 265.00000  -47.12763  975.00000    0.42823 Evan
 270.00000  -49.50948  975.00000    0.68062 Evan
 275.00000  -51.20559  975.00000    0.63892 Evan
 280.00000  -52.97859  975.00000    0.67383 Evan
 285.00000  -51.50784  975.00000    0.68032 Evan
 290.00000  -51.74931  975.00000    0.35063 Evan
 295.00000  -49.35286  975.00000    0.69260 Evan
 300.00000  -48.25295  975.00000    0.43977 Evan
 165.00000    8.92571  950.00000   11.59350 Evan
 170.00000    9.40118  950.00000    9.40998 Evan
 175.00000   29.13885  950.00000    4.39249 Evan
 180.00000   44.53422  950.00000    5.74930 Evan
 185.00000   36.88308  950.00000    5.40663 Evan
 190.00000   38.29979  950.00000    6.32582 Evan
 195.00000   45.01717  950.00000    6.97812 Evan
 200.00000   33.43875  950.00000    5.10299 Evan
 205.00000   28.00647  950.00000    7.94658 Evan
 210.00000   16.81476  950.00000    4.49817 Evan
 215.00000    1.78457  950.00000    2.60971 Evan
 220.00000  -13.06081  950.00000    3.13928 Evan
 225.00000  -29.05850  950.00000    1.64365 Evan
 230.00000  -39.24721  950.00000    1.30442 Evan
 235.00000  -52.44773  950.00000    0.96260 Evan
 240.00000  -61.90436  950.00000    0.68603 Evan
 245.00000  -69.49205  950.00000    0.75146 Evan
 250.00000  -77.72480  950.00000    0.57305 Evan
 255.00000  -82.62169  950.00000    0.75420 Evan
 260.00000  -89.51102  950.00000    0.55869 Evan
 265.00000  -93.60611  950.00000    0.69805 Evan
 270.00000  -95.73962  950.00000    0.42344 Evan
 275.00000  -97.93830  950.00000    0.50873 Evan
 280.00000  -98.71595  950.00000    0.58487 Evan
 285.00000  -99.42493  950.00000    0.52123 Evan
 290.00000  -98.85928  950.00000    0.75511 Evan
 295.00000  -97.34211  950.00000    0.55541 Evan
 300.00000  -94.72954  950.00000    0.63318 Evan
 305.00000  -92.01125  950.00000    0.65731 Evan
 170.00000  -97.63008  925.00000    7.01289 Evan
 175.00000  -75.75529  925.00000    7.27884 Evan
 180.00000  -86.51413  925.00000    9.36654 Evan
 185.00000  -83.29963  925.00000    5.90716 Evan
 190.00000  -72.27375  925.00000    4.08154 Evan
 195.00000  -65.95150  925.00000    8.29964 Evan
 200.00000  -61.51656  925.00000    5.72126 Evan
 205.00000  -68.41127  925.00000    4.58704 Evan
 210.00000  -69.24345  925.00000    2.86801 Evan
 215.00000  -73.50384  925.00000    3.54918 Evan
 220.00000  -80.07561  925.00000    3.54109 Evan
 225.00000  -88.82217  925.00000    2.43632 Evan
 230.00000  -96.56055  925.00000    1.24989 Evan
 235.00000 -105.96115  925.00000    1.34910 Evan
 240.00000 -113.91416  925.00000    1.09221 Evan
 245.00000 -122.42665  925.00000    0.62972 Evan
 250.00000 -126.87565  925.00000    0.63782 Evan
 255.00000 -133.05191  925.00000    0.60269 Evan
 260.00000 -136.78277  925.00000    0.69723 Evan
 265.00000 -140.67778  925.00000    0.47727 Evan
 270.00000 -142.17369  925.00000    0.57199 Evan
 275.00000 -142.77414  925.00000    0.41402 Evan
 280.00000 -144.18083  925.00000    0.69486 Evan
 285.00000 -142.86528  925.00000    0.60805 Evan
 290.00000 -141.52205  925.00000    0.73325 Evan
 295.00000 -139.97788  925.00000    0.43979 Evan
 300.00000 -137.43644  925.00000    0.73870 Evan
 305.00000 -134.52795  925.00000    0.55982 Evan
 310.00000 -130.58459  925.00000    0.56561 Evan
 170.00000 -216.60355  900.00000    6.90765 Evan
 175.00000 -204.90006  900.00000    3.34536 Evan
 180.00000 -202.82362  900.00000    6.14437 Evan
 185.00000 -197.50557  900.00000    3.59538 Evan
 190.00000 -196.68108  900.00000    5.59683 Evan
 195.00000 -192.18977  900.00000    4.04372 Evan
 200.00000 -189.29581  900.00000    7.00881 Evan
 205.00000 -186.77080  900.00000    6.79076 Evan
 210.00000 -180.12690  900.00000    4.62108 Evan
 215.00000 -178.33367  900.00000    4.39510 Evan
 220.00000 -173.90944  900.00000    6.04841 Evan
 225.00000 -175.62628  900.00000    3.56483 Evan
 230.00000 -178.82456  900.00000    1.07797 Evan
 235.00000 -179.95911  900.00000    1.29920 Evan
 240.00000 -177.64969  900.00000    0.81363 Evan
 245.00000 -180.47056  900.00000    0.90073 Evan
 250.00000 -185.53150  900.00000    0.60292 Evan
 255.00000 -186.64675  900.00000    0.50976 Evan
 260.00000 -187.44155  900.00000    0.62611 Evan
 265.00000 -188.51480  900.00000    0.42487 Evan
 270.00000 -188.17150  900.00000    0.47429 Evan
 275.00000 -188.22630  900.00000    0.69946 Evan
 280.00000 -186.97151  900.00000    0.54122 Evan
 285.00000 -184.00232  900.00000    0.51143 Evan
 290.00000 -181.61405  900.00000    0.39602 Evan
 295.00000 -180.35824  900.00000    0.57371 Evan
 300.00000 -175.27036  900.00000    0.45464 Evan
 305.00000 -172.50895  900.00000    0.49592 Evan
 310.00000 -167.85175  900.00000    0.42430 Evan
 170.00000 -240.01064  890.00000    3.23529 Evan
 175.00000 -242.00943  890.00000    4.54084 Evan
 180.00000 -242.55118  890.00000    7.96797 Evan
 185.00000 -238.85840  890.00000    9.47845 Evan
 190.00000 -235.74238  890.00000    3.20734 Evan
 195.00000 -240.18818  890.00000    9.83038 Evan
 200.00000 -227.35788  890.00000    4.83403 Evan
 205.00000 -230.70554  890.00000    4.38628 Evan
 210.00000 -224.81263  890.00000    5.44689 Evan
 215.00000 -220.64023  890.00000    4.53725 Evan
 220.00000 -215.92674  890.00000    3.18122 Evan
 225.00000 -211.27685  890.00000    2.39022 Evan
 230.00000 -212.92172  890.00000    2.74414 Evan
 235.00000 -208.92662  890.00000    1.31444 Evan
 240.00000 -208.58991  890.00000    0.65757 Evan
 245.00000 -209.04399  890.00000    0.75463 Evan
 250.00000 -209.36438  890.00000    0.67756 Evan
 255.00000 -208.50699  890.00000    0.67597 Evan
 260.00000 -208.80789  890.00000    0.55262 Evan
 265.00000 -207.24774  890.00000    0.48164 Evan
 270.00000 -206.44234  890.00000    0.59623 Evan
 275.00000 -205.60327  890.00000    0.59056 Evan
 280.00000 -202.24886  890.00000    0.63267 Evan
 285.00000 -200.03770  890.00000    0.57612 Evan
 290.00000 -195.94736  890.00000    0.55373 Evan
 295.00000 -193.44302  890.00000    0.42222 Evan
 300.00000 -189.42327  890.00000    0.45905 Evan
 305.00000 -186.74787  890.00000    0.45632 Evan
 310.00000 -181.74614  890.00000    0.44180 Evan
 165.00000 -287.95946  880.00000    8.33312 Evan
 170.00000 -288.38039  880.00000    1.56273 Evan
 175.00000 -293.11551  880.00000   10.02493 Evan
 180.00000 -277.11721  880.00000   10.28602 Evan
 185.00000 -288.08072  880.00000    5.04714 Evan
 190.00000 -277.40113  880.00000    5.88435 Evan
 195.00000 -275.73632  880.00000    3.33187 Evan
 200.00000 -272.80183  880.00000    4.35452 Evan
 205.00000 -264.89494  880.00000    7.73671 Evan
 210.00000 -263.18462  880.00000    5.19335 Evan
 215.00000 -260.97073  880.00000    3.89046 Evan
 220.00000 -254.80320  880.00000    3.96387 Evan
 225.00000 -247.55299  880.00000    2.64974 Evan
 230.00000 -242.73825  880.00000    2.35531 Evan
 235.00000 -238.97210  880.00000    1.43973 Evan
 240.00000 -236.24638  880.00000    1.29430 Evan
 245.00000 -235.28277  880.00000    0.87016 Evan
 250.00000 -232.34197  880.00000    0.47358 Evan
 255.00000 -229.94405  880.00000    0.71924 Evan
 260.00000 -227.46210  880.00000    0.43130 Evan
 265.00000 -226.27756  880.00000    0.48199 Evan
 270.00000 -222.72739  880.00000    0.43963 Evan
 275.00000 -220.57998  880.00000    0.37627 Evan
 280.00000 -217.45406  880.00000    0.61846 Evan
 285.00000 -215.09949  880.00000    0.56514 Evan
 290.00000 -210.72229  880.00000    0.49962 Evan
 295.00000 -208.05621  880.00000    0.58612 Evan
 300.00000 -202.44136  880.00000    0.50548 Evan
 305.00000 -198.26642  880.00000    0.34941 Evan
 165.00000 -308.41599  875.00000    4.69037 Evan
 170.00000 -300.59023  875.00000    6.15778 Evan
 175.00000 -305.22151  875.00000    4.89895 Evan
 180.00000 -310.73252  875.00000    5.02708 Evan
 185.00000 -284.49061  875.00000    4.72433 Evan
 190.00000 -300.43545  875.00000    7.41027 Evan
 195.00000 -300.80550  875.00000    6.71668 Evan
 200.00000 -294.04833  875.00000    4.67791 Evan
 205.00000 -291.42466  875.00000    5.75767 Evan
 210.00000 -279.06010  875.00000    8.79797 Evan
 215.00000 -279.87595  875.00000    6.77020 Evan
 220.00000 -270.94829  875.00000    5.52491 Evan
 225.00000 -255.71020  875.00000    4.92572 Evan
 230.00000 -261.43264  875.00000    3.16036 Evan
 235.00000 -255.04374  875.00000    1.71834 Evan
 240.00000 -252.39185  875.00000    1.29214 Evan
 245.00000 -246.66053  875.00000    0.89718 Evan
 250.00000 -243.78887  875.00000    0.74074 Evan
 255.00000 -240.74310  875.00000    0.59475 Evan
 260.00000 -236.79415  875.00000    0.38835 Evan
 265.00000 -234.43998  875.00000    0.43401 Evan
 270.00000 -231.66884  875.00000    0.74175 Evan
 275.00000 -228.90891  875.00000    0.50395 Evan
 280.00000 -224.15525  875.00000    0.57936 Evan
 285.00000 -218.56361  875.00000    0.42844 Evan
 290.00000 -221.97724  875.00000    0.57301 Evan
 295.00000 -212.71923  875.00000    0.48025 Evan
 300.00000 -208.18459  875.00000    0.48026 Evan
 305.00000 -203.72886  875.00000    0.58106 Evan
