Temperature	Density	Cv
330.0	1040.0	 4995.87
325.0	1040.0	 5222.94
320.0	1040.0	 5381.31
315.0	1040.0	 5446.10
310.0	1040.0	 5661.32
305.0	1040.0	 5781.94
300.0	1040.0	 5929.46
295.0	1040.0	 6148.06
290.0	1040.0	 6333.06
285.0	1040.0	 6553.68
280.0	1040.0	 6818.79
275.0	1040.0	 6972.93
270.0	1040.0	 7122.64
265.0	1040.0	 7291.41
260.0	1040.0	 7507.55
255.0	1040.0	 7665.45
250.0	1040.0	 7899.14
245.0	1040.0	 8001.53
240.0	1040.0	 8217.54
235.0	1040.0	 8402.74
230.0	1040.0	 8220.22
225.0	1040.0	10337.17
220.0	1040.0	 7796.68
215.0	1040.0	 4855.43
210.0	1040.0	 5363.88
330.0	1020.0	 5063.87
325.0	1020.0	 5256.95
320.0	1020.0	 5437.46
315.0	1020.0	 5638.66
310.0	1020.0	 5781.33
305.0	1020.0	 5937.04
300.0	1020.0	 6166.66
295.0	1020.0	 6330.90
290.0	1020.0	 6580.89
285.0	1020.0	 6804.67
280.0	1020.0	 6992.61
275.0	1020.0	 7290.20
270.0	1020.0	 7553.00
265.0	1020.0	 7825.40
260.0	1020.0	 8162.08
255.0	1020.0	 8254.58
250.0	1020.0	 8551.26
245.0	1020.0	 9007.80
240.0	1020.0	 9006.94
235.0	1020.0	10090.53
230.0	1020.0	 9294.25
225.0	1020.0	 8005.61
220.0	1020.0	 6076.67
215.0	1020.0	 3965.84
330.0	1000.0	 5234.08
325.0	1000.0	 5434.56
320.0	1000.0	 5573.77
315.0	1000.0	 5756.98
310.0	1000.0	 5943.82
305.0	1000.0	 6209.33
300.0	1000.0	 6411.41
295.0	1000.0	 6675.78
290.0	1000.0	 6886.11
285.0	1000.0	 7120.59
280.0	1000.0	 7479.06
275.0	1000.0	 7733.69
270.0	1000.0	 8158.14
265.0	1000.0	 8567.97
260.0	1000.0	 8763.14
255.0	1000.0	 9068.01
250.0	1000.0	 9770.50
245.0	1000.0	 9699.62
240.0	1000.0	 9778.04
235.0	1000.0	 9994.66
230.0	1000.0	 7862.82
225.0	1000.0	 6228.92
330.0	980.0	 5390.36
325.0	980.0	 5617.72
320.0	980.0	 5728.41
315.0	980.0	 5891.90
310.0	980.0	 6190.62
305.0	980.0	 6356.87
300.0	980.0	 6644.85
295.0	980.0	 6913.33
290.0	980.0	 7240.40
285.0	980.0	 7584.06
280.0	980.0	 7982.69
275.0	980.0	 8235.71
270.0	980.0	 8703.32
265.0	980.0	 9214.17
260.0	980.0	 9449.84
255.0	980.0	 9745.59
250.0	980.0	10038.36
245.0	980.0	10292.74
240.0	980.0	 9364.82
235.0	980.0	 7818.82
230.0	980.0	 4950.73
330.0	960.0	 5479.87
325.0	960.0	 5674.69
320.0	960.0	 5910.91
315.0	960.0	 6068.99
310.0	960.0	 6287.36
305.0	960.0	 6525.89
300.0	960.0	 6862.78
295.0	960.0	 7198.90
290.0	960.0	 7605.10
285.0	960.0	 7886.67
280.0	960.0	 8296.41
275.0	960.0	 8710.90
270.0	960.0	 9260.68
265.0	960.0	 9885.97
260.0	960.0	10077.79
255.0	960.0	10448.94
250.0	960.0	10408.60
245.0	960.0	10139.36
240.0	960.0	 8589.80
235.0	960.0	 7134.89
230.0	960.0	 4936.64
330.0	940.0	 5597.18
325.0	940.0	 5810.48
320.0	940.0	 5921.45
315.0	940.0	 6149.01
310.0	940.0	 6515.87
305.0	940.0	 6797.14
300.0	940.0	 7011.81
295.0	940.0	 7358.39
290.0	940.0	 7744.81
285.0	940.0	 8072.16
280.0	940.0	 8660.71
275.0	940.0	 9063.55
270.0	940.0	 9469.90
265.0	940.0	 9959.98
260.0	940.0	10297.23
255.0	940.0	10175.86
250.0	940.0	 9346.41
245.0	940.0	 9552.21
240.0	940.0	 7585.87
235.0	940.0	 5223.40
230.0	940.0	 4937.14
330.0	920.0	 5642.66
325.0	920.0	 5881.13
320.0	920.0	 6125.87
315.0	920.0	 6234.96
310.0	920.0	 6577.68
305.0	920.0	 6841.45
300.0	920.0	 7197.89
295.0	920.0	 7585.60
290.0	920.0	 7887.79
285.0	920.0	 8317.25
280.0	920.0	 8852.74
275.0	920.0	 9257.68
270.0	920.0	 9809.58
265.0	920.0	10046.03
260.0	920.0	 9937.24
255.0	920.0	 9808.53
250.0	920.0	 9258.77
245.0	920.0	 7580.12
240.0	920.0	 6489.49
235.0	920.0	 6892.54
230.0	920.0	 5155.80
330.0	900.0	 5629.03
325.0	900.0	 5925.33
320.0	900.0	 6177.68
315.0	900.0	 6383.69
310.0	900.0	 6667.96
305.0	900.0	 7039.31
300.0	900.0	 7307.61
295.0	900.0	 7651.65
290.0	900.0	 8103.48
285.0	900.0	 8490.03
280.0	900.0	 8744.65
275.0	900.0	 9289.22
270.0	900.0	 9619.81
265.0	900.0	 9705.34
260.0	900.0	 9689.32
255.0	900.0	 8929.33
250.0	900.0	 8364.31
245.0	900.0	 7769.47
240.0	900.0	 6911.24
235.0	900.0	 5576.37
230.0	900.0	 5080.22
330.0	880.0	 5759.98
325.0	880.0	 5880.36
320.0	880.0	 6169.13
315.0	880.0	 6379.49
310.0	880.0	 6732.90
305.0	880.0	 6980.13
300.0	880.0	 7249.07
295.0	880.0	 7643.79
290.0	880.0	 7962.33
285.0	880.0	 8289.98
280.0	880.0	 8811.16
275.0	880.0	 9216.58
270.0	880.0	 9089.31
265.0	880.0	 9254.48
260.0	880.0	 9124.89
255.0	880.0	 8507.73
250.0	880.0	 8525.91
245.0	880.0	 7552.15
240.0	880.0	 6583.75
235.0	880.0	 7164.16
230.0	880.0	 5165.86
225.0	880.0	 5135.42
330.0	860.0	 5707.14
325.0	860.0	 5937.37
320.0	860.0	 6023.32
315.0	860.0	 6339.70
310.0	860.0	 6651.25
305.0	860.0	 6960.22
300.0	860.0	 7221.69
295.0	860.0	 7595.84
290.0	860.0	 7996.25
285.0	860.0	 8201.32
280.0	860.0	 8588.88
275.0	860.0	 8794.26
270.0	860.0	 8800.92
265.0	860.0	 9043.28
260.0	860.0	 8700.04
255.0	860.0	 8218.43
250.0	860.0	 7628.30
245.0	860.0	 7342.17
240.0	860.0	 6803.86
235.0	860.0	 5942.47
230.0	860.0	 6165.55
225.0	860.0	 5113.94
220.0	860.0	 4876.33
320.0	1000.0	 5573.77
315.0	1000.0	 5756.98
310.0	1000.0	 5943.82
305.0	1000.0	 6209.33
300.0	1000.0	 6411.41
295.0	1000.0	 6675.78
290.0	1000.0	 6886.11
285.0	1000.0	 7120.59
280.0	1000.0	 7479.06
275.0	1000.0	 7733.69
270.0	1000.0	 8158.14
265.0	1000.0	 8567.97
260.0	1000.0	 8763.14
255.0	1000.0	 9068.01
250.0	1000.0	 9770.50
245.0	1000.0	 9699.62
240.0	1000.0	 9778.04
235.0	1000.0	 9994.66
230.0	1000.0	 7862.82
225.0	1000.0	 6228.92
320.0	1020.0	 5437.46
315.0	1020.0	 5638.66
310.0	1020.0	 5781.33
305.0	1020.0	 5937.04
300.0	1020.0	 6166.66
295.0	1020.0	 6330.90
290.0	1020.0	 6580.89
285.0	1020.0	 6804.67
280.0	1020.0	 6992.61
275.0	1020.0	 7290.20
270.0	1020.0	 7553.00
265.0	1020.0	 7825.40
260.0	1020.0	 8162.08
255.0	1020.0	 8254.58
250.0	1020.0	 8551.26
245.0	1020.0	 9007.80
240.0	1020.0	 9006.94
235.0	1020.0	10090.53
230.0	1020.0	 9294.25
320.0	1040.0	 5381.31
315.0	1040.0	 5446.10
310.0	1040.0	 5661.32
305.0	1040.0	 5781.94
300.0	1040.0	 5929.46
295.0	1040.0	 6148.06
290.0	1040.0	 6333.06
285.0	1040.0	 6553.68
280.0	1040.0	 6818.79
275.0	1040.0	 6972.93
270.0	1040.0	 7122.64
265.0	1040.0	 7291.41
260.0	1040.0	 7507.55
255.0	1040.0	 7665.45
250.0	1040.0	 7899.14
245.0	1040.0	 8001.53
240.0	1040.0	 8217.54
235.0	1040.0	 8402.74
230.0	1040.0	 8220.22
225.0	1040.0	10337.17
220.0	1040.0	 7796.68
320.0	1060.0	 5191.51
315.0	1060.0	    0.00
310.0	1060.0	    0.00
305.0	1060.0	    0.00
300.0	1060.0	    0.00
295.0	1060.0	    0.00
290.0	1060.0	    0.00
285.0	1060.0	    0.00
280.0	1060.0	    0.00
275.0	1060.0	    0.00
270.0	1060.0	    0.00
265.0	1060.0	    0.00
260.0	1060.0	    0.00
255.0	1060.0	    0.00
250.0	1060.0	    0.00
245.0	1060.0	    0.00
240.0	1060.0	    0.00
235.0	1060.0	    0.00
230.0	1060.0	    0.00
225.0	1060.0	    0.00
220.0	1060.0	    0.00
215.0	1060.0	    0.00
320.0	1080.0	 5063.99
315.0	1080.0	    0.00
310.0	1080.0	    0.00
305.0	1080.0	    0.00
300.0	1080.0	    0.00
295.0	1080.0	    0.00
290.0	1080.0	    0.00
285.0	1080.0	    0.00
280.0	1080.0	    0.00
275.0	1080.0	    0.00
270.0	1080.0	    0.00
265.0	1080.0	    0.00
260.0	1080.0	    0.00
255.0	1080.0	    0.00
250.0	1080.0	    0.00
245.0	1080.0	    0.00
240.0	1080.0	    0.00
235.0	1080.0	    0.00
230.0	1080.0	    0.00
225.0	1080.0	    0.00
220.0	1080.0	    0.00
215.0	1080.0	    0.00
210.0	1080.0	    0.00
320.0	1100.0	 4977.77
315.0	1100.0	    0.00
310.0	1100.0	    0.00
305.0	1100.0	    0.00
300.0	1100.0	    0.00
295.0	1100.0	    0.00
290.0	1100.0	    0.00
285.0	1100.0	    0.00
280.0	1100.0	    0.00
275.0	1100.0	    0.00
270.0	1100.0	    0.00
265.0	1100.0	    0.00
260.0	1100.0	    0.00
255.0	1100.0	    0.00
250.0	1100.0	    0.00
245.0	1100.0	    0.00
240.0	1100.0	    0.00
235.0	1100.0	    0.00
230.0	1100.0	    0.00
225.0	1100.0	    0.00
220.0	1100.0	    0.00
215.0	1100.0	    0.00
210.0	1100.0	    0.00
320.0	1120.0	 4861.85
315.0	1120.0	 4892.81
310.0	1120.0	 5085.56
305.0	1120.0	 5133.92
300.0	1120.0	 7307.61
295.0	1120.0	 5382.29
290.0	1120.0	 5476.30
285.0	1120.0	 5604.00
280.0	1120.0	 5684.06
275.0	1120.0	 5785.12
270.0	1120.0	 5927.03
265.0	1120.0	 5997.16
260.0	1120.0	 6119.49
255.0	1120.0	 6160.12
250.0	1120.0	 6254.62
245.0	1120.0	 6279.00
240.0	1120.0	 6370.61
235.0	1120.0	 6383.87
230.0	1120.0	 6600.99
225.0	1120.0	 6603.19
220.0	1120.0	 6465.74
215.0	1120.0	    0.00
210.0	1120.0	    0.00
320.0	1140.0	 4774.79
315.0	1140.0	    0.00
310.0	1140.0	    0.00
305.0	1140.0	    0.00
300.0	1140.0	    0.00
295.0	1140.0	    0.00
290.0	1140.0	    0.00
285.0	1140.0	    0.00
280.0	1140.0	    0.00
275.0	1140.0	    0.00
270.0	1140.0	    0.00
265.0	1140.0	    0.00
260.0	1140.0	    0.00
255.0	1140.0	    0.00
250.0	1140.0	    0.00
245.0	1140.0	    0.00
240.0	1140.0	    0.00
235.0	1140.0	    0.00
230.0	1140.0	    0.00
225.0	1140.0	    0.00
220.0	1140.0	    0.00
215.0	1140.0	    0.00
210.0	1140.0	    0.00
320.0	1160.0	 4726.87
315.0	1160.0	    0.00
310.0	1160.0	    0.00
305.0	1160.0	    0.00
300.0	1160.0	    0.00
295.0	1160.0	    0.00
290.0	1160.0	    0.00
285.0	1160.0	    0.00
280.0	1160.0	    0.00
275.0	1160.0	    0.00
270.0	1160.0	    0.00
265.0	1160.0	    0.00
260.0	1160.0	    0.00
255.0	1160.0	    0.00
250.0	1160.0	    0.00
245.0	1160.0	    0.00
240.0	1160.0	    0.00
235.0	1160.0	    0.00
230.0	1160.0	    0.00
225.0	1160.0	    0.00
220.0	1160.0	    0.00
215.0	1160.0	    0.00
210.0	1160.0	    0.00
320.0	1070.0	 5066.09
315.0	1070.0	    0.00
310.0	1070.0	    0.00
305.0	1070.0	    0.00
300.0	1070.0	    0.00
295.0	1070.0	    0.00
290.0	1070.0	    0.00
285.0	1070.0	    0.00
280.0	1070.0	    0.00
275.0	1070.0	    0.00
270.0	1070.0	    0.00
265.0	1070.0	    0.00
260.0	1070.0	    0.00
255.0	1070.0	    0.00
250.0	1070.0	    0.00
245.0	1070.0	    0.00
240.0	1070.0	    0.00
235.0	1070.0	    0.00
230.0	1070.0	    0.00
225.0	1070.0	    0.00
220.0	1070.0	    0.00
215.0	1070.0	    0.00
320.0	1090.0	 4953.12
315.0	1090.0	    0.00
310.0	1090.0	    0.00
305.0	1090.0	    0.00
300.0	1090.0	    0.00
295.0	1090.0	    0.00
290.0	1090.0	    0.00
285.0	1090.0	    0.00
280.0	1090.0	    0.00
275.0	1090.0	    0.00
270.0	1090.0	    0.00
265.0	1090.0	    0.00
260.0	1090.0	    0.00
255.0	1090.0	    0.00
250.0	1090.0	    0.00
245.0	1090.0	    0.00
240.0	1090.0	    0.00
235.0	1090.0	    0.00
230.0	1090.0	    0.00
225.0	1090.0	    0.00
220.0	1090.0	    0.00
215.0	1090.0	    0.00
210.0	1090.0	    0.00
