Temperature	Density	Cv
210	1040	5363.88
210	1080	6359.72
210	1090	6390.72
210	1100	6859.11
210	1120	5845.89
210	1140	6024.22
210	1160	6003.28
215	1020	3965.84
215	1040	4855.43
215	1060	7258.94
215	1070	7168.33
215	1080	7544.28
215	1090	6806.44
215	1100	7175.06
215	1120	6720.67
215	1140	6370.33
215	1160	6017.39
220	860	4876.33
220	1020	6076.67
220	1040	7796.68
220	1060	7716.78
220	1070	7813.44
220	1080	6932.61
220	1090	6863.5
220	1100	6610.06
220	1120	6516.4
220	1140	6174.89
220	1160	6056.33
225	860	5113.94
225	880	5135.42
225	1000	6228.92
225	1020	8005.61
225	1040	10337.17
225	1060	7439.44
225	1070	7341.83
225	1080	7470.22
225	1090	6834.94
225	1100	6582.17
225	1120	6500.375
225	1140	6345.94
225	1160	6186.22
230	860	6165.55
230	880	5165.86
230	900	5080.22
230	920	5155.8
230	940	4937.14
230	960	4936.64
230	980	4950.73
230	1000	6832.940000000001
230	1020	8569.515
230	1040	7934.219999999998
230	1060	7326.56
230	1070	7405.89
230	1080	6861.89
230	1090	6854.33
230	1100	6702.78
230	1120	6439.965
230	1140	6260.72
230	1160	6129.22
235	860	5942.47
235	880	7164.16
235	900	5576.37
235	920	6892.54
235	940	5223.4
235	960	7134.89
235	980	7818.82
235	1000	8790.94
235	1020	8913.045
235	1040	8378.869999999999
235	1060	7478.83
235	1070	7328.94
235	1080	6898.56
235	1090	7150.5
235	1100	6768.56
235	1120	6394.02
235	1140	6135.44
235	1160	6033.39
240	860	6803.86
240	880	6583.75
240	900	6911.24
240	920	6489.49
240	940	7585.87
240	960	8589.8
240	980	9364.82
240	1000	11858.27
240	1020	9428.055
240	1040	8388.685000000001
240	1060	7532.78
240	1070	7450.78
240	1080	6955.78
240	1090	6804.33
240	1100	6651.72
240	1120	6338.835
240	1140	6281.33
240	1160	6008.44
245	860	7342.17
245	880	7552.15
245	900	7769.47
245	920	7580.12
245	940	9552.21
245	960	10139.36
245	980	10292.74
245	1000	9550.475
245	1020	9268.62
245	1040	7946.18
245	1060	7149.56
245	1070	7142.28
245	1080	7015.89
245	1090	6823.17
245	1100	6578.83
245	1120	6348.219999999998
245	1140	6245.94
245	1160	5931.72
250	860	7628.3
250	880	8525.91
250	900	8364.31
250	920	9258.77
250	940	9346.41
250	960	10408.6
250	980	10038.36
250	1000	9534.22
250	1020	8583.795
250	1040	7826.32
250	1060	7237.5
250	1070	7110.17
250	1080	6903.06
250	1090	6727.56
250	1100	6524.83
250	1120	6179.92
250	1140	6102.78
250	1160	5960.17
255	860	8218.43
255	880	8507.73
255	900	8929.33
255	920	9808.53
255	940	10175.86
255	960	10448.94
255	980	9745.59
255	1000	8962.560000000001
255	1020	8250.985
255	1040	7709.059999999998
255	1060	7264.83
255	1070	6906.67
255	1080	6661.11
255	1090	6632.94
255	1100	6472.17
255	1120	6166.225
255	1140	5921.44
255	1160	5847.28
260	860	8700.04
260	880	9124.89
260	900	9689.32
260	920	9937.24
260	940	10297.23
260	960	10077.79
260	980	9449.84
260	1000	8748.235
260	1020	8082.375
260	1040	7517.1100000000015
260	1060	7008.89
260	1070	6746.83
260	1080	6637.39
260	1090	6505.61
260	1100	6387.06
260	1120	6141.940000000001
260	1140	5896.22
260	1160	5802.06
265	860	9043.28
265	880	9254.48
265	900	9705.34
265	920	10046.03
265	940	9959.98
265	960	9885.97
265	980	9214.17
265	1000	8577.235
265	1020	7851.67
265	1040	7301.65
265	1060	6979.33
265	1070	6818.22
265	1080	6570.72
265	1090	6463.72
265	1100	6182.22
265	1120	5962.719999999998
265	1140	5878.72
265	1160	5729.67
270	860	8800.92
270	880	9089.31
270	900	9619.81
270	920	9809.58
270	940	9469.9
270	960	9260.68
270	980	8703.32
270	1000	8152.18
270	1020	7621.6100000000015
270	1040	7110.655000000002
270	1060	6694.22
270	1070	6680.39
270	1080	6528.67
270	1090	6216.5
270	1100	6149.17
270	1120	5937.71
270	1140	5734.89
270	1160	5579.61
275	860	8794.26
275	880	9216.58
275	900	9289.22
275	920	9257.68
275	940	9063.55
275	960	8710.9
275	980	8235.71
275	1000	7716.26
275	1020	7257.32
275	1040	6883.495000000001
275	1060	6596.22
275	1070	6414.11
275	1080	6311.0
275	1090	6127.39
275	1100	5996.39
275	1120	5855.95
275	1140	5607.28
275	1160	5532.94
280	860	8588.88
280	880	8811.16
280	900	8744.65
280	920	8852.74
280	940	8660.71
280	960	8296.41
280	980	7982.69
280	1000	7505.89
280	1020	7028.195
280	1040	6764.06
280	1060	6438.17
280	1070	6235.44
280	1080	6037.72
280	1090	5920.28
280	1100	5883.17
280	1120	5723.64
280	1140	5534.82
280	1160	5372.55
285	860	8201.32
285	880	8289.98
285	900	8490.03
285	920	8317.25
285	940	8072.16
285	960	7886.67
285	980	7584.06
285	1000	7121.295
285	1020	6797.555
285	1040	6537.175
285	1060	6118.5
285	1070	6001.78
285	1080	5962.61
285	1090	5993.56
285	1100	5762.89
285	1120	5599.8899999999985
285	1140	5484.51
285	1160	5291.94
290	860	7996.25
290	880	7962.33
290	900	8103.48
290	920	7887.79
290	940	7744.81
290	960	7605.1
290	980	7240.4
290	1000	6881.665
290	1020	6612.975
290	1040	6333.75
290	1060	6167.28
290	1070	5952.78
290	1080	5794.5
290	1090	5800.22
290	1100	5621.0
290	1120	5461.805
290	1140	5399.18
290	1160	5311.68
295	860	7595.84
295	880	7643.79
295	900	7651.65
295	920	7585.6
295	940	7358.39
295	960	7198.9
295	980	6913.33
295	1000	6670.28
295	1020	6403.785
295	1040	6198.280000000002
295	1060	5887.5
295	1070	5825.78
295	1080	5696.78
295	1090	5637.83
295	1100	5570.61
295	1120	5371.88
295	1140	5188.71
295	1160	5147.36
300	860	7221.69
300	880	7249.07
300	900	7307.61
300	920	7197.89
300	940	7011.81
300	960	6862.78
300	980	6644.85
300	1000	6462.565000000001
300	1020	6190.190000000001
300	1040	5953.145
300	1060	5742.83
300	1070	5591.83
300	1080	5511.03
300	1090	5401.59
300	1100	5480.18
300	1120	5258.005
300	1140	5251.21
300	1160	5066.34
305	860	6960.22
305	880	6980.13
305	900	7039.31
305	920	6841.45
305	940	6797.14
305	960	6525.89
305	980	6356.87
305	1000	6199.885
305	1020	5957.105
305	1040	5810.665
305	1060	5529.46
305	1070	5497.62
305	1080	5421.49
305	1090	5299.07
305	1100	5270.98
305	1120	5161.085
305	1140	5011.82
305	1160	5010.38
310	860	6651.25
310	880	6732.9
310	900	6667.96
310	920	6577.68
310	940	6515.87
310	960	6287.36
310	980	6190.62
310	1000	5949.77
310	1020	5815.469999999998
310	1040	5672.27
310	1060	5446.09
310	1070	5309.02
310	1080	5294.32
310	1090	5236.63
310	1100	5229.47
310	1120	5088.35
310	1140	4919.82
310	1160	4875.07
315	860	6339.7
315	880	6379.49
315	900	6383.69
315	920	6234.96
315	940	6149.01
315	960	6068.99
315	980	5891.9
315	1000	5793.905
315	1020	5593.745
315	1040	5469.17
315	1060	5336.08
315	1070	5287.49
315	1080	5223.07
315	1090	5106.07
315	1100	5071.68
315	1120	4935.145
315	1140	4864.81
315	1160	4767.21
320	860	6023.32
320	880	6169.13
320	900	6177.68
320	920	6125.87
320	940	5921.45
320	960	5910.91
320	980	5728.41
320	1000	5604.33
320	1020	5445.855
320	1040	5351.09
320	1060	5188.85
320	1070	5109.98
320	1080	5105.785
320	1090	4963.33
320	1100	4959.215
320	1120	4850.335
320	1140	4773.155000000002
320	1160	4691.85
325	860	5937.37
325	880	5880.36
325	900	5925.33
325	920	5881.13
325	940	5810.48
325	960	5674.69
325	980	5617.72
325	1000	5434.56
325	1020	5256.95
325	1040	5222.94
330	860	5707.14
330	880	5759.98
330	900	5629.03
330	920	5642.66
330	940	5597.18
330	960	5479.87
330	980	5390.36
330	1000	5234.08
330	1020	5063.87
330	1040	4995.87
